0000000000000000
0000000000000000
0000000000000000
0000000000000000
0000000000000000
0000000000000000
0000000000000000
0000000011111111
0000000111111110
0000000111111110
0000000111111110
0000001111111110
0000001111111100
0000001111111101
1111100000000011
1111100000000000
0000011111111001
1111100000000111
1111100000000000
0000011111110011
1111000000001111
1110000000001111
1110000000011111
1110000000000000
0011111111011111
1100000000001111
1100000000000000
0111111111000000
0111111111000000
0111111110000000
0111111110111111
0000000000000000
1111111101111111
0000000011111111
0000000000000000
0111111000000000
1111111011111110
0000000111111110
0000000111111110
0000000000000001
1111110111111100
0000001111111100
0000001111111100
0000011111111100
0000011111111100
0000000000000111
1111000000000111
1111011111110000
0000111111110000
0000000000001111
0000000000000000
0000000000000000
0000000000000000
0000000000000000
0000000000000000
0000000000000000
0000000000000000
