0000000000000000
0000000000000000
0000000000000000
0000000000000000
0000000000000000
0000000000000000
0000000000000000
0000000000000000
0000000000000000
0000000000000000
0000000000000000
0000000000000000
0000000000000000
0000000000000000
0000000000000000
0000000000000000
0000000000000000
0000000000000000
0000000000000000
0000000000000000
0000000000000000
0000000000000000
0000000000000000
0000000000000000
0000000000000000
0000000000000000
0000000000000000
0000000000000000
0010000000001000
0000000000000000
0000000000000000
0000000000000000
0000000100000000
0000000000000000
0000000000000000
0000000000000000
0010000000001000
0000000000000000
0000000000000000
0000000000000000
0000000100000000
0000000000000000
0000000000000000
0000000000000000
0010000000001000
0000000000000000
0000000000000000
0000000000000010
0000000100000000
1000000000000000
0000000000000000
0000000001000000
0010000000001000
0000000000000000
0000000000000000
0000100000000010
0000000100000000
0000000000000000
0000000000000000
0000000001000000
0010000000000000
0000000000000000
0000000000000000
0000000000000010
0000000100000000
0000000000000000
0000000000000000
0000000000000000
0010000000000000
0000000000000000
0000000000000000
0000000000000010
0000000100000000
0000000000000000
0000000000000000
0000000001000000
0010000000001000
0000000000000000
0000000000000000
0000100000000010
0000000100000000
0000000000000000
0000000000000000
0000000001000000
0010000000000000
0000000000000000
0000000000010000
0000100000000010
0000000000000000
0000000000000000
0000000000000000
0000000001000000
0010000000000000
0000000000000000
0000000000010000
0000100000000010
0000000000000000
0000000000000000
0000001000000000
0000000001000000
0000000000000000
0000000000000000
0100000010010011
0100100100010010
1000100000000000
0001000000000100
0000001001000100
0010001001001000
0010010000000001
0000000010000000
0000000000010010
0100100100110010
1001100100100100
1001001000100100
0011001001001100
0010010001001001
0010010010000000
0100000000010000
0000100000010010
1000100100100010
1001001100000100
0000000000000000
0000000000001000
0000010000000001
0000000010000000
0000000000000000
0000000000110010
1001100100100100
1001001000000000
0000000001000000
0010000000001001
0010010010001001
0100110010010011
0100100100010010
1000100100100010
1001001100100100
0001001001000000
0000000000000000
0000010000000001
0000000010000000
0000000000000000
0000000000000000
1000000000100100
1001001000100100
0001001001001100
0010011001001001
0010010010001001
0100010010010011
0100100100000010
0000000000000000
0000000000000100
0001001001100100
0010001001001000
0000000000000000
0000000010000001
0100110010010010
0100100100010010
1000100100100110
1001001100100100
0001001001000100
0010011001001000
0000010000000001
0000000000000001
0100100010010010
1100100100110010
0000000000000000
0000000000000000
0000000001000000
0010000000001000
0000000000000000
0000000000010000
0100100110010010
1000100100100010
1000000000000100
0000001000000000
0000001001001000
0010010001001001
0110000010000000
0100000000010000
0000000000010010
1001100100100110
1001001000100100
0001001001001100
0010011001001001
0010010010001001
0100010000010000
0000100000000010
0000000100000000
0000000000000000
0000001000000000
0000000001000000
0010000001001001
0010010010001001
0100110010010011
0100100100010010
1000100100100010
1001001100100100
0001001001000000
0000000000001000
0000010000000001
0000000010000000
0000000000000000
0000000000000000
1000000000100110
1001001000100100
0001001001001100
0010011001001001
0010010010001001
0100010010010011
0100100110000010
0000000000000000
0000000000000100
1001001001100100
0010001001000000
0000000000000000
0000000010000001
0100110010010010
0100100100010010
1000100100100110
1001001100100100
0001001001000100
0010011001001000
0000010000000001
0000000000000000
0000000000000010
0000000100000000
1000000000100000
0000000000000000
0000000001000000
0010000000001000
0000000000000000
0000000000000000
0000100000000010
0000000100000000
1000000000000000
0000001000000000
0000000001000000
0010000000000000
0000000000000000
0100000000010000
0000100000000010
0000000000000000
0000000000000100
0000001000000000
0000000001000000
0000000000000000
0000000000000000
0100000000010000
0000100000000010
0000000000000000
0000000000000100
0000001000000000
0000000001000000
0000000000000000
0000000010000000
0100000000010000
0000100000000000
0000000000000000
0001000000000100
0000001000000000
0000000000000000
0000000000000000
0000000010000000
0100000000010000
0000000000000000
0000000000000000
0001000000000100
0000001000000000
0000000000000000
0000000000000000
0000000000000000
0100000000010000
0000000000000000
0000000000000000
0000000000000000
0000001000000000
0000000000000000
0000000000000000
0000000000000000
0000000000010000
0000000000000000
0000000000000000
0000000000000000
0000000000000000
0000000000000000
0000000000000000
0000000000000000
0000000000000000
0000100000000000
0000000000000000
0000000000000000
0000000000000000
0000000001000000
0000000000000000
0000000000000000
0000000000000000
0000100000000010
0000000000000000
0000000000000000
0000000000000000
0000000001000000
0010000000000000
0000000000000000
0000000000010000
0000100000000010
0000000000000000
0000000000000000
0000001000000000
0000000001000000
0010000000000000
0000000000000000
0100000000010000
0000100000000010
0000000000000000
0000000000000100
0000001000000000
0000000001000000
0000000000000000
0000000010000000
0100000000010000
0000100000000000
0000000000000000
0000000000000100
0000001000000000
0000000000000000
0000000000000000
0000000000000000
0000000000010000
0000100000000000
0000000000000000
0000000000000000
0000001000000000
0000000000000000
0000000000000000
0000000000000000
0000000000000000
0000100000000000
0000000000000000
0000000000000000
0000000000000000
0000000000000000
0000000000000000
0000000000000000
0000000000000000
0000000000000010
0000000000000000
0000000000000000
0000000000000000
0000000000000000
0000000000000000
0000000000000000
0000000000000000
0000000000000000
0000000000000000
0000000000000000
0000000000000000
0000000000000000
0010000000001000
0000000000000000
0000000000000000
0000000000000010
0000000100000000
0000000000000000
0000000000000000
0000000001000000
0010000000000000
0000000000000000
0000000000000000
0000000000000000
0000000000000000
0000000000000000
0000000000000000
0000000000000000
0000000000000000
0000000000000000
0000000000000000
0000000000000000
0000000000000000
0000000000000000
0000000000000000
0000000000000000
0000000000000000
0000000000000000
0000000000000000
0000000000000000
0000000000000000
0000000000000000
0000000000000000
0000000000000000
0000000000000000
0000000000000000
0000000000000000
0000000000000000
0000000000000000
1000000000000000
0000000000000000
0000000000000000
0000000000001000
0000000000000000
0000000000000000
0000000000000000
0000000100000000
0000000000000000
0000000000000000
0000000000000000
0000000000001000
0000000000000000
0000000000000000
0000000000000000
0000000000000000
0000000000000000
0000000000000000
0000000000000000
0000000000000000
0000000000000000
0000000000000000
0000000000000000
0000000000000000
1000000000000000
0000000000000000
0000000000000000
0000000000001000
0000000000000000
0000000000000000
0000000000000000
0000000000000000
1000000000000000
0000000000000000
0000000000000000
0000000000000000
0000000000000000
0000000000000000
0000000000000000
0000000000000000
0000000000000000
0000000000000000
0000000000000000
0000000000000000
0000000000000000
0000000000000000
0000000000000000
0000000000000000
1000000000000000
0000000000000000
0000000000000000
0000000000000000
0000000000000000
0000000000000000
0000000000000000
0000000000000000
0000000000000000
0000000000000000
0000000000000000
0000000000000000
0000000000000000
0000000000000000
0000000000000000
0000000000000000
1000000000000000
0000000000000000
0000000000000000
0000000000001000
0000000000000000
0000000000000000
0000000000000000
0000000000000000
0000000000000000
0000000000000000
0000000000000000
0000000000000000
0000000000000000
0000000000000000
0000000000000000
0000000000000000
1000000000000000
0000000000000000
0000000000000000
0000000000001000
0000000000000000
0000000000000000
0000000000000000
0000000100000000
1001000000100100
0000000000000000
0000000000000000
0010000000001001
0000000010000000
0100000000000000
0000000000000010
0000000000000000
0001000000000100
0000001000000000
0000000001001000
0010010000000001
0000000010000000
0100000000010000
0000000000000000
0000000000000000
0001000000000100
0000001001000000
0000000000000000
0000000000000000
0000000000000000
0000000000010000
0000000000000000
0000000000000000
0001000000000100
0000001001000000
0000000000000000
0000000000000001
0000000010000000
0100100000010010
0000000100000000
1000000000100000
0001001000000100
0000000001000000
0000000000000000
0000000000000001
0000000000000000
0000000000000000
0000000000000000
0000000000000000
0001001000000100
0000000001000000
0010000000001000
0000010010000001
0100000000010000
0000100000000000
0000000100000000
0000000000000100
0000001000000000
0000000001000000
0010000000000000
0000000000000000
0100000000010000
0000100100000010
1000000100100000
0001000000000100
0000001001000000
0010000000001000
0000000000000000
0000000000000000
0100100000010010
0000000100000000
0000000000000000
0000000000000000
0000000000000000
0000000000000000
0000000000000000
0000000000000000
0100100000010010
0000000100000000
0000000000000000
0001000000000000
0000001001000000
0010000000001000
0000010000000000
0000000000000000
0000000000000010
0000000100000000
1001000000100100
0000001000000000
0000000001000000
0010010000001001
0000000000000000
0000000000000000
0000000000000000
0000000000000000
0000000000000000
0000000000000000
0000000001001000
0010010000001001
0000010010000000
0100000000010000
0000100100000010
1000000100100000
0000000000000000
0000000000000000
0000000000000000
0000000000000000
0000000000000000
0000000000000000
0000100100000010
1000000000100000
0001001000000100
0000001001000000
0010000000001000
0000010000000001
0100000000000000
0000000000000000
0000000100000000
1001000000100100
0001000000000000
0000000000000000
0000000000001001
0000010010000001
0100000010010000
0000100000000010
1000000100100000
1001000000000100
0000000000000000
0000000000000000
0000000000000000
0000000000000000
0000000000000000
0000000000000010
0000000000000000
0000000000000000
0000000000000000
0000000000000000
0010000000000000
0000000000000000
0000000000000000
0000000000000000
0000000000000000
0000000000000000
0000000000000000
0000000000000000
0000000000001000
0000000000000000
0000000000000000
0000000000000000
0000000000000000
1000000000000000
0000000000000000
0000000000000000
0000000000001000
0000000000000000
0000000000000000
0000000000000000
0000000000000000
1000000000100000
0000000000000000
0000000000000000
0000000000001000
0000010000000000
0000000000000000
0000000000000000
0000000000000000
1000000000100000
0000000000000000
0000000000000000
0000000000001000
0000010000000000
0000000000000000
0000000000000000
0000000000000000
1000000000100000
0000000000000000
0000000000000000
0000000000001000
0000010000000000
0000000000000000
0000000000000000
0000000000000000
1000000000100000
0000000000000000
0000000000000000
0000000000001000
0000010000000000
0000000000000000
0000000000000000
1111111111111111
1111111111111111
1100000000000000
0000000000000000
0011111111111111
1111111111111111
1110100000000010
0000000000000000
0000111111111111
1111111111111111
1111111111111111
1111111111111111
1111111111111111
1111111111111111
1100000000000000
0000000000000000
0001111111111111
1111111111111111
1111000000000000
0000000000000000
0000000000000000
1000000000100000
0000000000000000
0000000000000000
0001111111111111
1111111111111111
1111000000010000
0000000000000000
0000011111111111
1111111111111111
1111111111111111
1111111111111111
1111111111111111
1111111111111111
1111000000000000
0001000000000100
0000000000000000
0000000000000000
0000000000000000
0000000010000000
0101111111111111
1111111111111111
1111111111111111
1111111111111111
1111111111111111
1111111111111111
1100000000010000
0000000000000000
0011111111111111
1111111111111111
1110000001000000
0000000000000000
0001111111111111
1111111111111111
1111111111111111
1111111111111111
1111111111111111
1111111111111111
1100000000000000
0000000000010000
0000111111111111
1111111111111111
1111100000000000
0000000000000000
0010000000001000
0000000000000000
0000000000000000
0000000000000010
0000011111111111
1111111111111111
1111100000000000
0000000000000000
0000010011111111
1111111111111111
1111111110000000
0000000000000000
0000000001111111
1111111111111111
1111111111111111
1111111111111111
1111111111111111
1111111111111111
1111111100000000
0000001000000000
0000000000000000
0000000000000000
0000000010000000
0100000000000000
0000000000000111
1111111111111111
1111111111111111
1111111111111111
1111111111111111
1111111111111111
1111111111111110
0000000000000000
0001000000000100
0000000000000000
0000000000000000
0000000000000001
0000000010000011
1111111111111111
1111111111111111
1111111111111111
1111111111111111
1111111111111111
1111111111111000
0000000000000000
0000000000000011
1111111111111111
1111111111111110
0000000000000000
0000000000000000
1111111111111111
1111111111111111
1111111111111111
1111111111111111
1111111111111111
1111111111111111
0000000000000000
0100000000010000
0000000000000000
0000000000000000
0000000000000100
0000001000000000
0000000000000000
0000000000000000
0000000010000000
0100000000000000
0000000000000000
0000000000000000
0001000000000100
0000000000000000
0000000000000000
0000000000000000
0000000010000000
0000000000000000
0000000000000000
0000000000000000
0001000000000100
0000000000000000
0000000000000000
0000000000000001
0000000010000000
0000000000000000
0000000000000000
0000000000000000
0001000000000100
0000000000000000
0000000000000000
0000000000000001
0000000010000000
0000000000000000
0000000000000000
0000000000000000
0001000000000100
0000000000000000
0000000000000000
0000010000000001
0000000010000000
0000000000000000
0000000000000000
0000000000100000
0001000000000000
0000000000000000
0000000000000000
0000010000000001
0000000000000000
0000000000000000
0000000000000000
1000000000100000
0000000000000000
0000000000000000
0000000000001000
0000010000000001
0000000000000000
0000000000000000
0000000000000000
1000000000111111
1111111111111111
1111111111000000
0000000000000001
0000000010011111
1111111111111111
1111111111111100
0000000000000000
0000001000000001
1111111111111111
1111111111111111
1111111111111111
1111111111111111
1111111111111111
1111111111111100
0000000000000000
0000000000000000
1111111111111111
1111111111111111
0000000100000000
0000000000000000
0000000000000000
0000000000000000
0010000000001000
0000000000000000
0111111111111111
1111111111111111
1000000000000000
0001000000000000
0011111111111111
1111111111111111
1111111111111111
1111111111111111
1111111111111111
1111111111111111
1000000000000000
0000000000000000
0000010000000001
0000000000000000
0000000000000000
0000000000000000
1111111111111111
1111111111111111
1111111111111111
1111111111111111
1111111111111111
1111111111111111
1000000000100000
0000000000000000
0111111111111111
1111111111111111
1111000010000000
0100000000000000
0000001111111111
1111111111111111
1111111111111111
1111111111111111
1111111111111111
1111111111111111
1111100000000000
0000000000000000
0001001111111111
1111111111111111
1111111110000000
0000000000000000
0000000000010000
0000100000000000
0000000000000000
0000000000000000
0000000011111111
1111111111111111
1111111110000001
0000000000000000
0000000000111111
1111111111111111
1111111111100100
0000000000000000
0000000000001111
1111111111111111
1111111111111111
1111111111111111
1111111111111111
1111111111111111
1111111111100000
0000000000000000
0000000000000000
0100000000010000
0000000000000000
0000000000000000
0000000000111111
1111111111111111
1111111111111111
1111111111111111
1111111111111111
1111111111111111
1111111111111100
0000001000000000
0000000000000000
0000000000000000
0000000000000000
0100000000010000
0000000000001111
1111111111111111
1111111111111111
1111111111111111
1111111111111111
1111111111111111
1111111111100010
0000000000000000
0000000000001111
1111111111111111
1111111111111000
0000010000000001
0000000000000111
1111111111111111
1111111111111111
1111111111111111
1111111111111111
1111111111111111
1111111111110000
0000000000000000
0000000000000000
0000000000100000
0001000000000000
0000000000000000
0000000000000000
0000010000000001
0000000000000000
0000000000000000
0000000000000000
0000000000100000
0001000000000000
0000000000000000
0000000000000000
0000000000000001
0000000010000000
0000000000000000
0000000000000000
0000000000000000
0000000000000100
0000000000000000
0000000000000000
0000000000000000
0000000000000000
0000000000000000
0000000000000000
0000000000000000
0000000000000000
0000000000000000
0000000000000000
0000000000000000
0000000000000000
0000000000000000
0000000000000000
0000000000000000
0000000000000000
0000000000000000
0000000000000000
0000000000000000
0000000000000000
0000000000000000
0000000000000010
0000000000000000
0000000000000000
0000000000000000
0000000000000000
0000000000000000
0000000000000000
0000000000000000
0000000000000000
0000000000000000
0000000000000000
0000000000000000
0000000000000000
0000000000000000
0000000000000000
0000000000000000
0000000000000000
0000000000000000
0000000000000000
0000000000000000
0000000000000000
0000000000000000
0000000000000000
0000000000000000
0000000000000000
0000000000000000
0000000000000000
0000000000000000
0000000000000000
0000000000000000
0000000000000000
0000000000000000
0000000000000000
0000000000000000
0000000000000000
0000000000000000
0000000000000000
0000000000000000
0000000000000000
0000000000000000
0000000000000000
0000000000000000
0000000000000000
0000000000000000
0000000000000000
0000000000000000
0000000000000000
0000000000000000
0000000000000000
0000000000000000
0000000000000000
0000000000000000
0000000000000000
0000000000000000
0000000000000000
0000000000000000
0000000000000000
0000000000000000
0000000000000000
0000000000000000
0000000000000000
0000000000000000
0000000000000000
0000000000000000
0000000000000000
0000000000000000
0000000000000000
0000000000000000
0000000000000000
0000000000000000
0000000000000000
0000000000000000
0000000000000000