0000000000000000
0000000000000000
0000000000000000
0000000000000000
0000000000000000
0000000000000000
0000000000000000
0000000000000000
0000000000000000
0000000000000000
0000000000000000
0000000000000001
0010001001001000
1111111111111111
1001001000100100
1111111111111111
1100100100110010
0100010010010001
0010011001001001
1111111111111111
1001001000100100
1111111111111111
1000100100110010
0100110010011001
0011011001001100
1111111111111111
1001101100110110
0100110110011011
0010011001001101
1111111111111111
1001101100100110
1111111111111111
1100110110010011
0010011011001101
1111111111111111
1001001100100110
1111111111111111
1100100110010011
0110010011001001
1111111111111111
1011001101100100
1111111111111111
1100100110110010
0110010011011001
0011001001000100
1111111111111111
1001000100100000
0000000000000000
0000000000000000
0000000000000000
0000000000000000
0000000100100100
0100100111111111
1111111110010011
0110011011111111
1111111111011101
1011101101110110
1110110111111111
1111111111011011
1011011101101110
1101110111111111
1111111110111011
0111011011111111
1111111111101101
1101101111111111
1111111110110111
0110111011111111
1111111111011101
1011101101110110
1110110111111111
1111111111011011
1011011101101110
1101110111111111
1111111110111011
0111011011111111
1111111111101101
1101101111111111
1111111110110111
0110111011111111
1111111111011101
1011101101110110
0100110011111111
1111111110010011
0010010001000000
0000000000000000
0000000000000000
0000000000000000
0000000000000000
0000000000000100
0000100100100010
0100110011111111
1111111110011011
0010011001001101
1001101100110110
1110110111111111
1111111110011011
0011011001101100
1101100111111111
1111111110110110
0110110011111111
1111111111011001
1011001101101110
1101110111111111
1111111110111011
0111011011111111
1111111111101101
1001101100110110
0110110011111111
1111111111011011
1011011101101110
1101110111111111
1111111110111011
0111011011111111
1111111111101101
1101101111111111
1111111110110110
0110110011111111
1111111111011001
0010001001000000
1001000000100000
0000100100100100
1000111111111111
1111100100100110
0110111111111111
1111110111011011
1011011111101111
1111111111111111
1111111111111111
1111111111111111
1111111111111111
1111111111111111
1111111111111111
1111111111111111
1111111111111111
1111111111111111
1111111111111111
1111111111111111
1111111111111111
1111111111111111
1111111111111111
1111111111111111
1111111111111111
1111111111111111
1111111111111111
1111111111111111
1111111111111111
1111111111111111
1111111111111111
1111111111111111
1111111111111111
1111111111111111
1111111111111111
1111111111111111
1111111111111111
1111111111111111
1111111111111111
1111111111111111
1111111111111111
1111111111111111
1111111111111111
1111111111111111
1111111111111111
1111111111111111
1111111111111111
1111111111111111
1111111111111111
1111111111111111
1111111111111111
1111111111111111
1111111111111111
1111111111111111
1111111111111111
1111111111111111
1111111111111111
1111111111111111
1111111111101110
1101111111111111
1111110110111111
0111111111111111
1111111111111111
1100000000000000
0000000000000000
0000000000000000
0000000000000000
0000000000000000
0000000000000000
0000000000000000
0000000000000000
0000000000000000
0000000000000000
0000000000000000
0000000000000000
1111111111111111
1111111111111111
1111111111111111
1111111111111111
1111111111111111
1111111111111111
1111111111111111
1111111111111111
1111111111111111
1111111111111111
1111111111111111
1111111111111111
1111111111111111
1111111111111111
1111111111111111
1111111111111111
1111111111111111
1111111111111111
1111111111111111
1111111111111111
1111111111111111
1111111111111111
1111111111111111
1111111111111111
1111111111111111
1111111111111111
1111111111111111
1111111111111111
1111111111111111
1111111111111111
1111111111111111
1111111111111111
1111111111111111
1111111111111111
1111111111111111
1111111111111111
1111111111111111
1111111111111111
1111111111111111
1111111111111111
1111111111111111
1111111111111111
1111111111111111
1111111111111111
1111111111111111
1111111111111111
1111111111111111
1111111111111111
1111111111111111
1111111111111111
1111111111111111
1111111111111000
0000000000000000
0000000000000000
0000000000000000
0000000000000000
0000000000000000
0000000111111111
1111111111111111
1100000001111111
1100000000011111
1111100011111111
1110001111111111
1111111111111111
1111111111000000
0011111111111111
1111111111101111
1111100001111111
1110000001111111
1111111111111111
1111111111000000
0011111111111111
1111111111110000
0000000000111111
1101111111111111
1111111111100000
0000111111111111
1111111111111000
0000111111000000
0001111111111000
0011111111111111
1111111111011111
1111001111111111
1111111111111000
0000000000000011
1111111110001111
1111100000011111
1110000111111111
1111111111111111
1011111111000000
0111111111111111
1111111101111111
1110001111111111
0000111111111111
1111111111111100
0000001111111111
0111111111111111
1111111110000000
0011111111111111
1111111111100000
0001111111111111
1111111111110000
0000001111111111
1111111111111101
1111111100001111
1111110000111111
1111011111111111
1111111111111000
0000000111111111
1111111111111110
0000000000001111
1111100001111111
1110111111111111
1111111111110000
0000011111111100
0000111111111111
1111111111110111
1111100000111111
1111111111111111
1110000000001111
1111111111111111
1111100000000001
1111111000000000
0000000000000000
0000000000000000
0000000000000000
0000000000000000
0000000000000000
0000000000000000
0000000000000000
0000000000000000
0000000000000000
0000000000000000
0000000000000000
0000000000000000
0000000000000000
0000000000000000
0000000000000000
0000000000000000
0000000000000000
0000000000000000
0000000000000000
0000000000000000
0000000000000000
0000000000001111
1111111111111111
1111100000000111
1111111111111111
1111111000000001
1111111111111111
1111111110000000
1111110000000111
1111000011111111
1100000111111110
1111111111111111
1111111110000000
0111111111100000
1111111111111111
1111111111001111
1110000111111111
1111111111111111
1000000000000000
0111111111101111
1111111111111111
1111100000000111
1111111111111111
1111110000000011
1111111111111111
1111111000000000
1111111111111111
1111111110000000
0011111111111111
1111111111110111
1111100000111111
1110000001111111
1000000000111111
1100000000011111
1111000001111111
1101111111111111
1111111111110000
0000111111111111
1111111111111101
1111111000000111
1111100000111111
1111111111111111
1110000000001111
1111111111111111
1111111011111111
1111111111111100
0000000011111111
1111111111111111
0000000000111111
1111111111111111
1100000000001111
1111111111111111
1111111111111110
0000001111111111
0000111111111000
0001111111101111
1111111111111111
1111100000000000
0000000111111110
0000000111111111
1011111111111111
1111111111000000
0000111111111111
1111111111111100
0000001111111111
1111111111111111
0111111100001111
1111111111111111
1111110000000011
1111111111111111
1111111100000000
0011111110000000
0000000000000000
0000000000000000
0000000000000000
0000000000000000
0000000000000000
0000000000000000
0000000000000000
0000000000000000
0000000000000000
0000000000000000
0000000000000000
0000000000000000
0000000000000000
0000000000000000
0000000000000000
0000000000000000
0000000000000000
0000000000000000
0000000000000000
0000000000000000
0000000000000000
0000000000000000
0000000000000000
0000000000000000
0000000000000000
0000000000000000
0000000000000000
0000000000000000
0000000000000000
0000000000000000
0000000000000000
0000000000000000
0001111111111000
0011111111100111
1111000111111111
1111111111111100
0000000011111111
1111111111111111
0000000000111111
1111111111111111
1000000000011111
1111111111111111
1110111111111111
1111111111111000
0000011111111111
1111111111111110
0000000000001111
1111101111111111
1111111111111100
0000000111111111
1111111111111111
0000000001111111
1111111111111111
1101111111110000
1111111111100001
1111111101111111
1111111111111111
1111000000000000
0111111101111111
1111111111111111
1100000000011111
1111111111111111
1111000000001111
1111111111111111
1111110000000011
1111111111111111
1111111100000000
0011111111111111
1111111111000000
0001111111111111
1111111111101111
1111111111111111
1111110000000000
0000000111111110
1111111111111111
1111111110000000
0011111111111111
1111111111100000
0000000111111111
1111111111111111
1000000001111111
1111111111111111
1111011111111000
0111111111101111
1111000000111111
1111110111111111
1111111111110000
0000111111111111
1111111111111100
0000001111111111
1111111111111111
0000000011111111
1111111111111111
1100000000111111
1111100001111111
1111111111111111
1110000000000111
1111011111111111
1111111111111100
0000001111111111
1111111111111111
1100000000000011
1111110111111111
1111111111111111
1000000011111111
1111111110000000
0011111111111111
1111111111000000
0011111111111111
1111111111110000
0000111111111111
1111111111111100
0000000000000000
0000000000000000
0000000000000000
0000000000000000
0000000000000000
0000000000000000
0000000000000000
0000000000000000
0000000000000000