00000000000000000000
00000000000000              PADDING

000000000001111110111
000000000111111111111
0000000000011111111111
0000000000111111111
00000000001111111111
00000000111111111111
00000000000111111111
11111111111001000000        PREAMBLE



111111111000000000
0000000000111111111
0000000000001111111111
111111111100000000          6

1111111101000000000000
11111110100000000
0000000011111111
0000000011111111            3




111101111000000000
0000000000111111110111
00000000000011111111111
111111111000000000          6

0000000000111111111
0000000011111111111
1111111111000000000
11111111111000000000000     C




111111111100000000000
0000000000111111111
00000000001111111111
1111111111110000000000      6

00000000000111111111111
111111111100000000000
111111111111000000000
000000000011111111111       9




11111111111100000000000
111111111100000000000
11111111000000000000
111111111111000000000       Zero

0000000000111111111
11111111110000000000
0000000000111111111
1111111111100000000         A



0000000000000000000
00000000000000000000
00000000000000000000
