000000000000000
000000000000000
000000000000000
000000000000000
000000000000000
000000000000000
000000000000000
000000000000000
000000000000000
000000000000000
000000000000000
000000000000000
000000000000000
000000000000000
000000000000000
000000000000000
000000000000000

000000000001111111
000000000011111111
00000000001111111
000000000111111111

000000000111111111
00000000001111111
00000000011111111
10001111110000000000

1111111100000000
000000001111111111
11011111100000000011111111
100000000000000
000111111111011
111111110000000
111111111100000
000111111111000
000001111111111
000000000000000
000111111110111
111110000000001
111111110000000
000000000001111
111000000000111
111111000000000
111111111000000
001111111111011
111111000000000
000000000111111
110111111111000
000001111111111
000000000000000
011111111110000
000011111111101
111111110000000
011111111110000
000011111111100
000000000000000
011111111011111
111100000000111
111111110000000
111111111000000
000011111111000
000001111111111
110000000000000
001111111110000
000000011111101
111111110000000
011111111111000
000000000000111
111111111001111
100000000000000
000111111111110
000000111111111
000000000111111
111000000000000
000000000000000
000000000000000
000000000000000
000000000000000
000000000000000
000000000000000
000000000000000
000000000000000
000000000000000
000000000000000
000000000000000
000000000000000
000000000000000
000000000000000
