100000000010000
000000000000000
100000000000000
000000000000000
000000001000000
000100000010010
100000000010000
000000000000000
000010000000001
000000000000000
000000010000000
001000000100100
100000000010000
000000000000000
000100000000010
000000000000000
000000100000000
010000001001000
000000000100011
111111100000000
011111111110001
000001111111110
000001111111111
000000011111111
111100000011111
111110000100101
111111101111111
100000000011111
111100100100000
000000011111111
111111111000000
111111111110000
000000000000000
111111111111111
111100100011111
111111000100111
111111110001000
111111111110000
000001000000011
111110111111111
000100001111111
111100000100000
000001111111100
000000111111111
101000000111111
111110001000111
111111111111111
000000100000000
011111111110111
111110000000001
111111100000010
000000000111111
111010010000111
111111111111111
000001000111111
110010000001111
111110000000000
000001001111111
111111111101000
000101111111000
000000011111110
000000010111111
110000100000111
111101000000100
000100011111111
101000001111111
110011111111100
000001111111110
000000100000010
011111111110111
111110000000001
000000001111111
010000001111111
111100010001111
111110000000000
010000001001000
000000000100000
000010000001001
001000000000100
000000010000000
000001000000000
000000000000000
000000001000000
010010000010010
010000000001000
000000000000000
000010000000001
000000000000000
000000010000000
001000000100100
001000000000100
000000000000000
000100000000010
000000001000000
000000100000000
001000000000100
000000100100000
000000000000000
001000000000100
000000000000000
