010000000001000
000000000100000
000010000000001
001000000000100
000010010000001
000001000000000
100000010010000
000000001000000
100100100010010
010000000001000
000000000100000
000010000001001
001111111110010
010011111111110
000000011111111
100100000011111
111100000000111
111111101000000
011111111000000
001111111111001
111111000000001
111111111001001
000000100111111
111101111111110
000010011111111
100000000000010
000111111111111
111111001000000
111111111000001
001111111111010
010001111111110
000000010000000
011111111111111
111100000100111
111111100001000
000100100111111
111001000001111
111111000001001
111111110010000
001111111110111
111111000000000
000100011111111
101111111110010
000111111111100
000010010000000
011111110000000
011111111111111
111110001001000
111111110010000
011111111100000
010010000001111
111111011111111
101000100111111
111000001000111
111111010001001
111111110000010
011111111110100
000000010000001
111111100000000
111111111111111
111000001001111
111111000010000
001001001111111
110111111111100
000100000000011
111111100000100
111111111100000
000011111111000
001001000100100
100000000010000
000000001000000
100100000010010
010000000001000
000000100100000
000010000000001
001000000000100
000010010000001
000001000000000
100000010010000
000000001000000
100100100010010
010000000001000
